69716,69717,69718,69719,69720,69721,69722,69723,69724,69725,69726,69727,69728,69729,69730,69731,69732,69733,69734,69735,69736,69737,69738,69739,69740,69741,69742,69743,69744,69745,69746,69747,69748,69749,69750,69751,69752,69753,69754,69755,69756,69757,69758,69759,69760,69761,69762,69763,69764,69765,69766,69767,69768,69769,69770,69771,69772,69773,69774,69775,69776,69777,69778,69779,69780,69781,69782,69783,69784,69785,69786,69787,69788,69789,69790,69791,69792,69793,69794,69795,69796
69716,1,0.5755294117647061,0.44807692307692315,0.39259259259259255,0.25242165242165243,0.36923076923076925,0.24307692307692305,0.22201138519924105,0.36923076923076925,0.3543307086614173,0.3543307086614173,0.4344827586206897,0.48603988603988596,0.26047745358090185,0.2935384615384616,0.2430769230769231,0.2641025641025641,0.3488833746898263,0.18610421836228289,0.2354312354312354,0.2674937965260546,0.21697612732095495,0.26091081593927895,0.2321070234113712,0.2236686390532544,0.13327205882352944,0.20102564102564105,0.14660633484162902,0.2147742818057456,0.19720279720279713,0.2147742818057456,0.17347480106100796,0.3081885856079405,0.2579185520361992,0.2236686390532544,0.19261538461538463,0.24632352941176475,0.36923076923076925,0.24307692307692308,0.2579185520361992,0.11951447245564895,0.11692307692307691,0,0.5794871794871795,0.2267990074441687,0.17738258093935247,0.24307692307692305,0.17211538461538467,0.2267990074441687,0.2340659340659341,0.24307692307692305,0.21697612732095495,0.20102564102564105,0.12997347480106103,0.24632352941176475,0.26047745358090185,0.2895576835385317,0.21697612732095495,0.2883317261330763,0.15897435897435896,0.19607843137254902,0.2147742818057456,0.11951447245564895,0.07239819004524889,0.19720279720279713,0.1372549019607843,0.12662721893491125,0.16442797591477534,0.24307692307692305,0.2340659340659341,0.2354312354312354,0.38748832866479926,0.22081447963800907,0.20240852246410376,0.20102564102564105,0.17211538461538467,0.18610421836228289,0.17211538461538467,0.3241758241758242,0.24307692307692308,0.3081885856079405
69717,0.5755294117647061,1,0.5900000000000001,0.4168888888888888,0.31970370370370366,0.3986666666666667,0.2128,0.15219189412737805,0.2668235294117648,0.2908108108108108,0.2553513513513514,0.3213793103448277,0.3682962962962963,0.1856551724137932,0.31776000000000004,0.21280000000000002,0.18000000000000005,0.23819354838709675,0.06890322580645161,0.24460606060606063,0.2805161290322581,0.14041379310344831,0.15219189412737805,0.20139130434782604,0.14215384615384613,0.05244444444444444,0.12533333333333332,0.11247058823529421,0.1378285714285714,0.16509090909090907,0.1378285714285714,0.14041379310344831,0.23819354838709675,0.1896470588235295,0.14215384615384613,0.10784000000000007,0.1253333333333333,0.2502857142857142,0.21280000000000004,0.1510588235294118,0.03326315789473684,0.08159999999999999,0,0.1253333333333334,0.19587096774193544,0.17531428571428573,0.2128,0.09799999999999999,0.06890322580645161,0.06285714285714286,0.1690666666666667,0.09517241379310351,0.12533333333333332,0.004689655172413868,0.1253333333333333,0.1856551724137932,0.06285714285714285,0.004689655172413868,0.17276166456494327,0.12533333333333335,0.1023157894736842,0.1378285714285714,0.1368421052631579,0.1896470588235295,0.24460606060606063,0.1794871794871795,0.19261538461538458,0.21989189189189187,0.3877333333333334,0.2502857142857142,0.24460606060606063,0.34400000000000003,0.22823529411764718,0.2553513513513514,0.30026666666666674,0.221,0.3228387096774193,0.262,0.43771428571428567,0.31776000000000004,0.36516129032258066
69718,0.44807692307692315,0.5900000000000001,1,0.44781144781144777,0.5398428731762064,0.5858585858585859,0.3373737373737374,0.3387096774193548,0.3298076923076923,0.3543307086614173,0.39468503937007865,0.31452455590386624,0.3097643097643097,0.1431556948798328,0.15515151515151515,0.37878787878787873,0.17171717171717174,0.19843597262952098,-0.00806451612903243,0.1393129770992366,0.158357771260997,0.1431556948798328,0.21471774193548382,0.1357048748353096,0.13986013986013984,0.0791015625,0.1717171717171717,0.1326923076923077,0.125968992248062,0.17843511450381677,0.20542635658914724,0.1431556948798328,0.2385141739980449,0.25096153846153846,0.18764568764568762,0.10545454545454548,0.19921874999999997,0.29004329004328994,0.15515151515151515,0.17211538461538467,0.06448412698412696,0.13030303030303025,0,-1.0,0.11827956989247308,0.16569767441860467,0.1303030303030303,0.10700757575757573,0.07820136852394914,0.11255411255411252,0.08888888888888889,0.10031347962382445,0.1717171717171717,0.0574712643678161,0.15917968750000003,0.18599791013584113,0.046511627906976744,0.0574712643678161,0.20184426229508198,0.17843511450381677,0.22718253968253965,0.16569767441860467,0.18650793650793646,0.21153846153846154,0.25667938931297707,0.3333333333333333,0.33100233100233095,0.3543307086614173,0.2959595959595959,0.33441558441558433,0.3740458015267175,0.5525793650793651,0.3298076923076923,0.3543307086614173,0.2959595959595959,0.3399621212121211,0.3587487781036167,0.3011363636363636,0.37878787878787873,0.35393939393939394,0.4789833822091886
69719,0.39259259259259255,0.4168888888888888,0.44781144781144777,1,0.37929170045958366,0.40145985401459855,0.3653952459922609,0.46117084826762245,0.39259259259259255,0.47389909594634,0.521726450860309,0.23511659807956098,0.42362800756961344,0.19012345679012344,0.23386861313868612,-0.39259259259259255,0.20194647201946478,0.17794486215538843,0.13227513227513224,0.3044953350296861,0.17794486215538843,0.14513031550068586,0.16726403823178015,0.16724849254205013,0.21729365524985964,0.05092592592592594,0.13875069098949694,0.15897435897435894,0.19954062589721502,0.1190274243709358,0.2937123169681309,0.10013717421124829,0.17794486215538843,0.11225071225071225,0.21729365524985964,0.185985401459854,0.14583333333333331,0.2304483837330552,0.09021897810218975,0.15897435897435894,0.1804820693709582,0.16204379562043794,0,0.20194647201946478,0.13227513227513224,0.2937123169681309,0.2294085129906025,0.1717171717171717,0.13227513227513224,0.15141612200435728,0.002763957987838566,0.010150891632373099,0.13875069098949694,0.010150891632373099,0.09837962962962962,0.19012345679012344,0.1524547803617571,-0.16219667943805877,0.1038251366120218,0.0262934690415606,0.13227513227513224,0.058283089290841264,0.035861258083480306,0.20569800569800564,0.07266044670624823,0.1111111111111111,0.1712521055586749,0.2347623213764946,0.32006633499170806,0.28540305010893247,0.35086231269437373,0.4215167548500881,0.2991452991452991,0.2347623213764946,0.32006633499170806,0.44781144781144777,0.3606237816764132,0.40179573512906847,0.196078431372549,0.09021897810218975,0.17794486215538843
69720,0.25242165242165243,0.31970370370370366,0.5398428731762064,0.37929170045958366,1,0.5012165450121655,0.3653952459922609,0.3142174432497013,0.2991452991452991,0.3304170312044328,0.4260717410323709,0.23511659807956098,0.24628277912949442,0.14513031550068586,0.1381021897810219,0.28175182481751826,0.002433090024330924,0.08660540239487607,-0.02031063321385912,0.0262934690415606,-0.02031063321385912,-0.16219667943805877,0.11827956989247312,0.011107584893684514,-0.0655270655270656,0.09837962962962962,0.048092868988391345,0.06552706552706554,0.058283089290841264,0.1190274243709358,0.1053689348262992,0.10013717421124829,0.13227513227513224,0.15897435897435894,0.03312745648512069,0.1381021897810219,0.05092592592592594,0.05943691345151195,0.09021897810218975,0.06552706552706554,0.035861258083480306,0.042335766423357686,0,0.20194647201946478,0.17794486215538843,0.1053689348262992,0.048092868988391345,0.033670033670033656,0.08660540239487607,0.10675381263616557,0.13875069098949694,0.14513031550068586,0.09342177998894417,0.10013717421124829,0.14583333333333331,0.23511659807956098,0.24662647143267302,0.14513031550068586,0.15361262902246503,0.21176137970031095,0.22868900646678425,0.1524547803617571,0.1804820693709582,0.20569800569800564,0.1190274243709358,0.20987654320987656,0.1252105558674902,0.2347623213764946,0.2294085129906025,0.15141612200435728,0.21176137970031095,0.27689594356261016,0.20569800569800564,0.2825896762904636,0.27473742399115536,0.3097643097643097,0.26928432191590085,0.21773288439955105,0.196078431372549,0.23386861313868612,0.2236145920356446
69721,0.36923076923076925,0.3986666666666667,0.5858585858585859,0.40145985401459855,0.5012165450121655,1,0.541044776119403,0.7795698924731184,0.5269230769230769,0.6233595800524935,0.6771653543307087,0.6456790123456789,0.551094890510949,0.291358024691358,0.3609112709832135,0.4142857142857143,0.26785714285714296,0.43483709273182963,0.2293233082706767,0.37404580152671746,0.28070175438596495,0.24074074074074076,0.3938172043010753,0.18509316770186335,0.10869565217391303,0.30598958333333337,0.28606965174129356,0.31666666666666676,0.3113695090439277,0.32188295165394404,0.417312661498708,0.291358024691358,0.3320802005012532,0.5269230769230769,0.3067632850241546,0.31175059952038375,0.51953125,0.24693877551020407,0.3609112709832135,0.42179487179487185,0.2407407407407407,0.2971428571428572,0,0.6095238095238096,0.3320802005012532,0.3113695090439277,0.33706467661691547,0.22348484848484848,0.2293233082706767,0.19607843137254907,0.28606965174129356,0.44320987654320987,0.3880597014925373,0.291358024691358,0.4127604166666667,0.39259259259259255,0.3113695090439277,0.24074074074074076,0.49590163934426235,0.26972010178117045,0.4576719576719577,0.417312661498708,0.34920634920634913,0.42179487179487185,0.32188295165394404,0.5000000000000001,0.45531400966183583,0.5695538057742783,0.33706467661691547,0.29656862745098045,0.42620865139949105,0.40343915343915343,0.42179487179487185,0.3543307086614173,0.33706467661691547,0.4823232323232324,0.3320802005012532,0.27525252525252525,0.29656862745098045,0.11510791366906475,0.2293233082706767
69722,0.24307692307692305,0.2128,0.3373737373737374,0.3653952459922609,0.3653952459922609,0.541044776119403,1,0.7354838709677419,0.6215384615384616,0.6986876640419949,0.6125984251968505,0.4513638703036541,0.5013819789939193,0.3669583118888317,0.31462686567164183,0.2656716417910448,0.28606965174129356,0.2601503759398496,0.17794486215538846,0.24885496183206102,0.21904761904761907,0.24034997426659807,0.20645161290322583,0.2550292018170019,0.1056257175660161,0.18854166666666672,0.18407960199004972,0.24307692307692305,0.19483204134366927,0.24885496183206102,0.40671834625323,0.2825527534740092,0.3423558897243108,0.32717948717948725,0.3409873708381171,0.46149253731343287,0.27395833333333336,0.300639658848614,0.26567164179104474,0.28512820512820514,0.3925925925925926,0.14328358208955222,0,0.592039800995025,0.3012531328320802,0.3643410852713178,0.3472636815920398,0.3373737373737374,0.3012531328320802,0.300639658848614,0.22487562189054727,0.24034997426659807,0.2656716417910447,0.2825527534740092,0.27395833333333336,0.3669583118888317,0.40671834625323,0.24034997426659807,0.32786885245901637,0.2905852417302799,0.3058201058201059,0.32196382428940573,0.3492063492063492,0.32717948717948725,0.20712468193384223,0.3333333333333333,0.29391504018369696,0.3112860892388452,0.2656716417910447,0.25692963752665243,0.3740458015267175,0.3058201058201059,0.32717948717948725,0.268241469816273,0.2656716417910447,0.3373737373737374,0.17794486215538846,0.1303030303030303,0.16950959488272918,0.11880597014925376,0.21904761904761907
69723,0.22201138519924105,0.15219189412737805,0.3387096774193548,0.46117084826762245,0.3142174432497013,0.7795698924731184,0.7354838709677419,1,0.6888045540796964,0.6068003487358326,0.5353095030514384,0.6351501668520579,0.7060931899641577,0.36151279199110126,0.3651612903225807,0.47096774193548385,0.3387096774193548,0.36004162330905304,0.27471383975026015,0.27859237536656883,0.27471383975026015,0.36151279199110126,0.23951612903225808,0.2524544179523141,0.18610421836228286,0.15501792114695342,0.2505376344086022,0.26091081593927895,0.28202764976958533,0.31867057673509286,0.3953917050691245,0.4527252502780868,0.31737773152965654,0.3387096774193548,0.38957816377171217,0.4180645161290324,0.33870967741935487,0.33870967741935487,0.20645161290322583,0.26091081593927895,0.30390492359932086,0.07419354838709678,0,0.5591397849462366,0.23204994797086367,0.31981566820276497,0.4268817204301076,0.29737903225806445,0.27471383975026015,0.29147465437788017,0.2505376344086022,0.31590656284760854,0.2505376344086022,0.2703003337041157,0.30197132616487454,0.5895439377085651,0.3576036866359448,0.31590656284760854,0.3950819672131148,0.31867057673509286,0.37351443123938877,0.3576036866359448,0.30390492359932086,0.29981024667931694,0.19843597262952098,0.2333333333333333,0.38957816377171217,0.3208369659982563,0.20645161290322583,0.19700460829493088,0.3988269794721407,0.2691001697792869,0.26091081593927895,0.1778552746294682,0.20645161290322583,0.3800403225806451,0.23204994797086367,0.21471774193548382,0.19700460829493088,0.047741935483871026,0.23204994797086367
69724,0.36923076923076925,0.2668235294117648,0.3298076923076923,0.39259259259259255,0.2991452991452991,0.5269230769230769,0.6215384615384616,0.6888045540796964,1,0.7341361741547013,0.5442334414080594,0.6084880636604775,0.7196581196581195,0.4344827586206897,0.3944615384615385,0.36923076923076925,0.36923076923076925,0.5116625310173697,0.38957816377171217,0.38834498834498826,0.38957816377171217,0.4344827586206897,0.3776091081593928,0.3418060200668896,0.2236686390532544,0.28400735294117646,0.32717948717948725,0.29502262443438915,0.2521659826721387,0.31188811188811183,0.4017327861377109,0.39098143236074273,0.3488833746898263,0.29502262443438915,0.41775147928994083,0.3944615384615385,0.28400735294117646,0.36923076923076925,0.24307692307692308,0.2579185520361992,0.31092436974789917,0.11692307692307691,0,0.5794871794871795,0.3081885856079405,0.4017327861377109,0.4112820512820513,0.3298076923076923,0.3488833746898263,0.36923076923076925,0.28512820512820514,0.39098143236074273,0.28512820512820514,0.3039787798408488,0.32169117647058826,0.4779840848806366,0.4017327861377109,0.4344827586206897,0.3278688524590164,0.3501165501165501,0.42577030812324934,0.3643410852713178,0.38748832866479926,0.2579185520361992,0.2354312354312354,0.2549019607843137,0.27218934911242604,0.2783696155627605,0.15897435897435896,0.14395604395604394,0.2354312354312354,0.19607843137254902,0.14660633484162902,0.08846688281611856,0.15897435897435896,0.21153846153846154,0.18610421836228289,0.21153846153846154,0.189010989010989,0.041230769230769244,0.2267990074441687
69725,0.3543307086614173,0.2908108108108108,0.3543307086614173,0.47389909594634,0.3304170312044328,0.6233595800524935,0.6986876640419949,0.6068003487358326,0.7341361741547013,1,0.6858906150244733,0.7773554167797991,0.7608632254301546,0.46565300027151774,0.3801574803149606,0.4834645669291337,0.4619422572178479,0.45847091694183384,0.25019050038100077,0.41302791696492486,0.45847091694183384,0.3765951669834374,0.2850915431560592,0.32625813077713106,0.20533010296789822,0.1749781277340332,0.3112860892388452,0.31635016211208894,0.2989876265466817,0.2565020281555715,0.37277840269966256,0.3320662503393973,0.333502667005334,0.3543307086614173,0.5033313143549364,0.4834645669291338,0.3902012248468941,0.5388076490438695,0.3801574803149606,0.3543307086614173,0.33161733161733153,0.09606299212598421,0,0.5695538057742783,0.3751587503175006,0.37277840269966256,0.48346456692913387,0.31397637795275585,0.3751587503175006,0.3543307086614173,0.268241469816273,0.3765951669834374,0.3112860892388452,0.28753733369535706,0.3543307086614173,0.46565300027151774,0.4465691788526434,0.3320662503393973,0.3460345591493133,0.3347649725602482,0.3667953667953668,0.40967379077615307,0.43715143715143706,0.39231125521074567,0.29563350035790975,0.2792792792792792,0.3046638400969109,0.267078101723771,0.3112860892388452,0.12373453318335204,0.37389644476258643,0.33161733161733153,0.2783696155627605,0.23217705894871246,0.3112860892388452,0.31397637795275585,0.25019050038100077,0.2736220472440945,0.30821147356580425,0.17354330708661414,0.3751587503175006
69726,0.3543307086614173,0.2553513513513514,0.39468503937007865,0.521726450860309,0.4260717410323709,0.6771653543307087,0.6125984251968505,0.5353095030514384,0.5442334414080594,0.6858906150244733,1,0.7773554167797991,0.7608632254301546,0.5101819169155579,0.5351181102362206,0.4834645669291337,0.5157480314960631,0.5001270002540005,0.2918465836931674,0.41302791696492486,0.45847091694183384,0.42112408362747766,0.3208369659982563,0.3824032865457034,0.3046638400969109,0.28258967629046366,0.3543307086614173,0.3543307086614173,0.40967379077615307,0.3347649725602482,0.48346456692913387,0.3320662503393973,0.4168148336296672,0.5062528948587309,0.5033313143549364,0.6900787401574803,0.4260717410323709,0.6310461192350956,0.3801574803149606,0.3543307086614173,0.4019734019734018,0.35433070866141725,0,0.5695538057742783,0.5001270002540005,0.48346456692913387,0.5265091863517061,0.39468503937007865,0.3751587503175006,0.44656917885264336,0.3543307086614173,0.46565300027151774,0.44041994750656166,0.3765951669834374,0.3902012248468941,0.46565300027151774,0.37277840269966256,0.42112408362747766,0.3823659725299069,0.29563350035790975,0.33161733161733153,0.40967379077615307,0.33161733161733153,0.2783696155627605,0.29563350035790975,0.24324324324324323,0.3543307086614173,0.23217705894871246,0.268241469816273,0.07761529808773901,0.3347649725602482,0.2612612612612612,0.2783696155627605,0.19727601617365398,0.268241469816273,0.31397637795275585,0.333502667005334,0.2736220472440945,0.26209223847019114,0.17354330708661414,0.2918465836931674
69727,0.4344827586206897,0.3213793103448277,0.31452455590386624,0.23511659807956098,0.23511659807956098,0.6456790123456789,0.4513638703036541,0.6351501668520579,0.6084880636604775,0.7773554167797991,0.7773554167797991,1,0.6850480109739367,0.45542784163473826,0.41688888888888886,0.3925925925925925,0.44320987654320987,0.5322789732953073,0.319678506611356,0.48196893919452477,0.4472387866217268,0.4135376756066411,0.4527252502780868,0.31336553945249584,0.20569800569800567,0.3372844827586207,0.3247555326814205,0.4779840848806366,0.3862603581929966,0.35246117399315613,0.47393744987971137,0.4135376756066411,0.4047186932849365,0.4779840848806366,0.4393162393162393,0.4654814814814815,0.42564655172413796,0.566137566137566,0.36829629629629623,0.3474801061007958,0.37164750957854403,0.1496296296296296,0,0.5950617283950618,0.4047186932849365,0.430098904036354,0.4513638703036541,0.35736677115987464,0.4047186932849365,0.3925925925925926,0.3669583118888317,0.4135376756066411,0.3669583118888317,0.32975734355044706,0.5140086206896551,0.45542784163473826,0.3862603581929966,0.4135376756066411,0.5364612775579424,0.3092919189260332,0.4165298303229338,0.430098904036354,0.4165298303229338,0.26047745358090185,0.3092919189260332,0.40229885057471265,0.29914529914529914,0.3765951669834374,0.24034997426659807,0.17566137566137563,0.3092919189260332,0.28188286808976465,0.3039787798408488,0.19847950040727674,0.2825527534740092,0.18599791013584113,0.19211822660098524,0.10031347962382445,0.21904761904761902,0.07674074074074073,0.19211822660098524
69728,0.48603988603988596,0.3682962962962963,0.3097643097643097,0.42362800756961344,0.24628277912949442,0.551094890510949,0.5013819789939193,0.7060931899641577,0.7196581196581195,0.7608632254301546,0.7608632254301546,0.6850480109739367,1,0.4150891632373114,0.4254014598540146,0.40145985401459855,0.40145985401459855,0.4519632414369255,0.31495405179615693,0.4435962680237489,0.3606237816764132,0.3251028806584361,0.3632019115890084,0.3233894001904157,0.21729365524985964,0.24074074074074076,0.3653952459922609,0.39259259259259255,0.4349698535745047,0.35086231269437373,0.4349698535745047,0.3700960219478737,0.31495405179615693,0.34586894586894584,0.35541830432341376,0.4254014598540146,0.3831018518518519,0.48696558915537014,0.23386861313868612,0.34586894586894584,0.3251028806584362,0.16204379562043794,0,0.6009732360097324,0.31495405179615693,0.3878840080390468,0.4107241569928137,0.40179573512906847,0.3606237816764132,0.28540305010893247,0.2294085129906025,0.28010973936899863,0.32006633499170806,0.3251028806584361,0.3831018518518519,0.4150891632373114,0.4349698535745047,0.28010973936899863,0.45233758348512443,0.21176137970031095,0.3733098177542622,0.3878840080390468,0.3251028806584362,0.25242165242165243,0.25812835736499856,0.2592592592592592,0.21729365524985964,0.2347623213764946,0.18407960199004972,0.15141612200435728,0.35086231269437373,0.3251028806584362,0.25242165242165243,0.13910761154855641,0.18407960199004972,0.26374859708193044,0.31495405179615693,0.26374859708193044,0.196078431372549,0.09021897810218975,0.26928432191590085
69729,0.26047745358090185,0.1856551724137932,0.1431556948798328,0.19012345679012344,0.14513031550068586,0.291358024691358,0.3669583118888317,0.36151279199110126,0.4344827586206897,0.46565300027151774,0.5101819169155579,0.45542784163473826,0.4150891632373114,1,0.6598518518518518,0.6355555555555555,0.5444444444444444,0.5322789732953073,0.48975887995851697,0.5251381942616478,0.5322789732953073,0.49731800766283524,0.6807563959955507,0.5774557165861512,0.39259259259259255,0.5581896551724138,0.4091610910962429,0.5649867374005306,0.5177759957230689,0.5683074493287708,0.6492916332531409,0.4135376756066411,0.48975887995851697,0.4779840848806366,0.6262108262108261,0.5626666666666665,0.4698275862068965,0.6529100529100529,0.41688888888888886,0.5214854111405836,0.6409414340448824,0.3925925925925925,0,0.5950617283950618,0.48975887995851697,0.6054530874097835,0.6201749871332989,0.4858934169278996,0.4472387866217268,0.4793650793650794,0.4513638703036541,0.4135376756066411,0.5357694287184765,0.45542784163473826,0.5581896551724138,0.45542784163473826,0.47393744987971137,0.37164750957854414,0.5828151498021482,0.3092919189260332,0.37164750957854403,0.34242181234963925,0.4165298303229338,0.26047745358090185,0.2661226638589102,0.3563218390804598,0.34586894586894584,0.28753733369535706,0.2825527534740092,0.13227513227513227,0.2661226638589102,0.1472359058565955,0.17347480106100796,0.10942166711919633,0.24034997426659807,0.1431556948798328,0.149598133264195,0.18599791013584113,0.21904761904761902,0.028148148148148165,0.0645579465906145
69730,0.2935384615384616,0.31776000000000004,0.15515151515151515,0.23386861313868612,0.1381021897810219,0.3609112709832135,0.31462686567164183,0.3651612903225807,0.3944615384615385,0.3801574803149606,0.5351181102362206,0.41688888888888886,0.4254014598540146,0.6598518518518518,1,0.6460431654676261,0.5575539568345323,0.6054135338345864,0.6054135338345864,0.5993893129770992,0.5560902255639099,0.41688888888888886,0.5767741935483871,0.48701908038786357,0.3344927536231885,0.4875,0.46149253731343287,0.5458461538461539,0.5931782945736433,0.4491603053435115,0.6440310077519379,0.36829629629629623,0.5560902255639099,0.444923076923077,0.3820289855072464,0.5280575539568345,0.53875,0.4100719424460432,0.33928057553956836,0.5458461538461539,0.42730158730158735,0.4100719424460432,0,0.6067146282973621,0.5067669172932331,0.4914728682170542,0.5104477611940299,0.4533333333333334,0.4081203007518797,0.32470588235294123,0.46149253731343287,0.41688888888888886,0.5594029850746269,0.41688888888888886,0.4875,0.36829629629629623,0.38976744186046514,0.36829629629629623,0.6236065573770491,0.29893129770992366,0.32317460317460317,0.38976744186046514,0.42730158730158735,0.24307692307692308,0.3490076335877862,0.30666666666666664,0.2869565217391305,0.2768503937007874,0.21671641791044777,0.13176470588235298,0.19877862595419846,0.27111111111111114,0.24307692307692308,0.17354330708661414,0.16776119402985076,0.20484848484848484,0.16150375939849626,0.20484848484848484,0.2282352941176471,0.00892086330935252,0.16150375939849626
69731,0.2430769230769231,0.21280000000000002,0.37878787878787873,-0.39259259259259255,0.28175182481751826,0.4142857142857143,0.2656716417910448,0.47096774193548385,0.36923076923076925,0.4834645669291337,0.4834645669291337,0.3925925925925925,0.40145985401459855,0.6355555555555555,0.6460431654676261,1,0.6485714285714286,0.8766917293233083,0.506766917293233,0.6244274809160306,0.7533834586466165,0.6355555555555555,0.6032258064516131,0.5347517730496454,0.28695652173913044,0.615625,0.5104477611940298,0.49538461538461537,0.6186046511627907,0.6244274809160306,0.6186046511627907,0.5140740740740739,0.506766917293233,0.6215384615384616,0.4057971014492754,0.4100719424460432,0.7437499999999999,0.34400000000000003,0.5280575539568346,0.7476923076923078,0.6095238095238096,0.04155844155844157,0,0.2900432900432901,0.6300751879699249,0.6186046511627907,0.6328358208955225,0.6272727272727273,0.506766917293233,0.39705882352941174,0.3880597014925373,0.5140740740740739,0.6328358208955225,0.5140740740740739,0.4874999999999999,0.5140740740740739,0.4914728682170542,0.6355555555555555,0.59672131147541,0.24885496183206107,0.21904761904761905,0.4914728682170542,0.21904761904761905,0.36923076923076925,0.37404580152671757,0.4666666666666666,0.16811594202898547,0.35433070866141725,0.02089552238805973,-0.4142857142857143,0.24885496183206107,0.08888888888888886,0.11692307692307691,0.09606299212598421,0.02089552238805973,0.0060606060606060485,0.013533834586466174,0.13030303030303025,0.15588235294117644,0.056115107913669096,0.13684210526315788
69732,0.2641025641025641,0.18000000000000005,0.17171717171717174,0.20194647201946478,0.002433090024330924,0.26785714285714296,0.28606965174129356,0.3387096774193548,0.36923076923076925,0.4619422572178479,0.5157480314960631,0.44320987654320987,0.40145985401459855,0.5444444444444444,0.5575539568345323,0.6485714285714286,1,0.6917293233082707,0.43483709273182963,0.6348600508905852,0.6403508771929824,0.44320987654320987,0.4489247311827958,0.2869565217391304,0.20772946859903385,0.35937499999999994,0.33706467661691547,0.47435897435897445,0.5762273901808785,0.42620865139949105,0.5232558139534883,0.291358024691358,0.48621553884711793,0.47435897435897445,0.5048309178743963,0.3609112709832135,0.51953125,0.5816326530612245,0.41007194244604317,0.5269230769230769,0.4576719576719577,0.4142857142857143,0,0.2190476190476191,0.43483709273182963,0.47028423772609823,0.4900497512437812,0.4305555555555555,0.48621553884711793,0.3970588235294118,0.43905472636815923,0.44320987654320987,0.541044776119403,0.39259259259259255,0.51953125,0.34197530864197534,0.47028423772609823,0.4938271604938272,0.6079234972677596,0.32188295165394404,0.294973544973545,0.417312661498708,0.2407407407407407,0.31666666666666676,0.26972010178117045,0.33333333333333337,0.3067632850241546,0.3543307086614173,0.08208955223880599,0.19607843137254907,0.26972010178117045,0.18650793650793648,0.15897435897435902,0.031496062992125984,0.1840796019900498,0.17171717171717174,0.1265664160401003,0.27525252525252525,0.19607843137254907,-0.45333333333333325,0.2293233082706767
69733,0.3488833746898263,0.23819354838709675,0.19843597262952098,0.17794486215538843,0.08660540239487607,0.43483709273182963,0.2601503759398496,0.36004162330905304,0.5116625310173697,0.45847091694183384,0.5001270002540005,0.5322789732953073,0.4519632414369255,0.5322789732953073,0.6054135338345864,0.8766917293233083,0.6917293233082707,1,0.6022313849138975,0.757695148978084,0.6420082464225078,0.5747990666320976,0.48803329864724243,0.5174893756129454,0.28860613071139385,0.5866935483870968,0.5889724310776941,0.5523573200992555,0.5488872218054512,0.47500615611918245,0.5488872218054512,0.4047186932849365,0.4431239388794566,0.5116625310173697,0.43088490456911505,0.5067669172932331,0.5453629032258064,0.5596133190118152,0.5560902255639099,0.5930521091811414,0.41218637992831536,0.506766917293233,0,1.0,0.4431239388794566,0.5078769692423105,0.5478696741854636,0.4789833822091886,0.48290080038806693,0.5155746509129967,0.46566416040100245,0.5322789732953073,0.46566416040100245,0.48975887995851697,0.5866935483870968,0.48975887995851697,0.46686671667916974,0.5322789732953073,0.5663670015864622,0.3134695887712386,0.286226318484383,0.46686671667916974,0.286226318484383,0.2674937965260546,0.3134695887712386,0.3978494623655913,0.3834586466165413,0.3751587503175006,0.1368421052631579,0.1632653061224489,0.1923171632602807,0.202252944188428,0.2267990074441687,0.16687833375666752,0.1368421052631579,0.158357771260997,0.08513218530196456,0.11827956989247308,0.20730397422126737,0.06285714285714285,0.08513218530196456
69734,0.18610421836228289,0.06890322580645161,-0.00806451612903243,0.13227513227513224,-0.02031063321385912,0.2293233082706767,0.17794486215538846,0.27471383975026015,0.38957816377171217,0.25019050038100077,0.2918465836931674,0.319678506611356,0.31495405179615693,0.48975887995851697,0.6054135338345864,0.506766917293233,0.43483709273182963,0.6022313849138975,1,0.6365427234671263,0.5226776618966772,0.6173191599688878,0.48803329864724243,0.5711016672115068,0.3834586466165413,0.5866935483870968,0.5889724310776941,0.47096774193548385,0.38484621155288823,0.3538537306082245,0.5488872218054512,0.3621985999481463,0.36357021586223615,0.3488833746898263,0.43088490456911505,0.4574436090225565,0.4213709677419354,0.3834586466165413,0.4574436090225565,0.47096774193548385,0.41218637992831536,0.38345864661654133,0,1.0,0.20446276982779527,0.42585646411602895,0.38345864661654133,0.31867057673509286,0.4033470773708464,0.3834586466165413,0.38345864661654133,0.4047186932849365,0.3012531328320802,0.4047186932849365,0.4213709677419354,0.3621985999481463,0.38484621155288823,0.319678506611356,0.4362771020624009,0.1519330214232947,0.202252944188428,0.3438359589897474,0.202252944188428,0.2267990074441687,0.2327013050972666,0.31182795698924726,0.3360323886639675,0.25019050038100077,0.013533834586466172,0.031149301825993514,0.1519330214232947,-0.025466893039049147,0.06401985111662532,-0.14210985178727117,0.05463659147869678,0.07820136852394914,0.045355323793354343,0.03812316715542521,0.031149301825993514,-0.5767741935483871,-0.48803329864724254
69735,0.2354312354312354,0.24460606060606063,0.1393129770992366,0.3044953350296861,0.0262934690415606,0.37404580152671746,0.24885496183206102,0.27859237536656883,0.38834498834498826,0.41302791696492486,0.41302791696492486,0.48196893919452477,0.4435962680237489,0.5251381942616478,0.5993893129770992,0.6244274809160306,0.6348600508905852,0.757695148978084,0.6365427234671263,1,0.79807929081507,0.7409844695972626,0.5190615835777126,0.6189844009293063,0.5184967704051672,0.5340909090909091,0.6244274809160305,0.5412587412587413,0.49917782475922007,0.4309507286606523,0.5377026074700493,0.35246117399315613,0.47500615611918245,0.38834498834498826,0.470346447445684,0.499236641221374,0.49526515151515144,0.5528898582333696,0.499236641221374,0.5412587412587413,0.4083694083694083,0.6244274809160306,0,0.9999999999999999,0.47500615611918245,0.6147521728917078,0.6244274809160305,0.491412213740458,0.5557744397931542,0.5081788440567064,0.45750636132315514,0.35246117399315613,0.3740458015267175,0.35246117399315613,0.4176136363636363,0.395630429060279,0.30655391120507397,0.3092919189260332,0.42970690511674126,0.16539440203562342,0.17171717171717166,0.3450786939159032,0.21115921115921113,0.27365967365967364,0.24126763821420308,0.27272727272727265,0.32589547856723416,0.2565020281555715,0.16539440203562336,0.15049073064340235,0.12745778394633353,0.13227513227513227,0.1207459207459207,0.021713194941541395,0.16539440203562336,0.10019083969465645,0.0711647377493228,0.061068702290076306,0.15049073064340235,-0.4036363636363637,-0.038123167155425394
69736,0.2674937965260546,0.2805161290322581,0.158357771260997,0.17794486215538843,-0.02031063321385912,0.28070175438596495,0.21904761904761907,0.27471383975026015,0.38957816377171217,0.45847091694183384,0.45847091694183384,0.4472387866217268,0.3606237816764132,0.5322789732953073,0.5560902255639099,0.7533834586466165,0.6403508771929824,0.6420082464225078,0.5226776618966772,0.79807929081507,1,0.7023593466424682,0.5733610822060353,0.6247139588100685,0.3834586466165413,0.5040322580645161,0.5067669172932331,0.5523573200992555,0.5078769692423105,0.5153902979561684,0.46686671667916974,0.319678506611356,0.48290080038806693,0.38957816377171217,0.4783111625216887,0.4574436090225565,0.46270161290322576,0.47153598281417813,0.4574436090225565,0.5523573200992555,0.45417306707629285,0.506766917293233,0,0.5889724310776944,0.48290080038806693,0.6309077269317329,0.5889724310776941,0.43890518084066465,0.48290080038806693,0.47153598281417813,0.4245614035087719,0.319678506611356,0.4245614035087719,0.3621985999481463,0.4213709677419354,0.4047186932849365,0.38484621155288823,0.4047186932849365,0.5663670015864622,0.1923171632602807,0.202252944188428,0.30282570642660667,0.202252944188428,0.2674937965260546,0.1923171632602807,0.22580645161290322,0.24117987275882005,0.25019050038100077,0.21904761904761907,0.07518796992481201,0.11154887958630876,0.07629288274449565,0.06401985111662532,0.08356616713233427,0.17794486215538846,0.03812316715542521,0.045355323793354343,0.07820136852394914,0.11922663802363047,-0.36516129032258066,0.005578462284744078
69737,0.21697612732095495,0.14041379310344831,0.1431556948798328,0.14513031550068586,-0.16219667943805877,0.24074074074074076,0.24034997426659807,0.36151279199110126,0.4344827586206897,0.3765951669834374,0.42112408362747766,0.4135376756066411,0.3251028806584361,0.49731800766283524,0.41688888888888886,0.6355555555555555,0.44320987654320987,0.5747990666320976,0.6173191599688878,0.7409844695972626,0.7023593466424682,1,0.6807563959955507,0.6830917874396133,0.6262108262108261,0.6023706896551724,0.5357694287184765,0.5649867374005306,0.47393744987971137,0.438799684127402,0.5177759957230689,0.37164750957854414,0.4472387866217268,0.4779840848806366,0.39259259259259255,0.4654814814814815,0.42564655172413796,0.566137566137566,0.3197037037037037,0.4779840848806366,0.4614121510673234,0.3925925925925925,0,0.5950617283950618,0.4472387866217268,0.6492916332531409,0.5779722079258879,0.5287356321839081,0.5747990666320976,0.4359788359788359,0.3669583118888317,0.2878671775223499,0.4091610910962429,0.32975734355044706,0.42564655172413796,0.32975734355044706,0.34242181234963925,0.4135376756066411,0.4437535330695308,0.1797841537246644,0.28188286808976465,0.47393744987971137,0.3267651888341544,0.3474801061007958,0.35246117399315613,0.31034482758620696,0.25242165242165243,0.24300841705131684,0.1137416366443644,0.13227513227513227,0.1797841537246644,0.1472359058565955,0.12997347480106103,0.06489275047515616,0.1559444158517756,0.1431556948798328,0.0645579465906145,0.014629049111807704,0.17566137566137563,-0.32137931034482753,0.0645579465906145
69738,0.26091081593927895,0.15219189412737805,0.21471774193548382,0.16726403823178015,0.11827956989247312,0.3938172043010753,0.20645161290322583,0.23951612903225808,0.3776091081593928,0.2850915431560592,0.3208369659982563,0.4527252502780868,0.3632019115890084,0.6807563959955507,0.5767741935483871,0.6032258064516131,0.4489247311827958,0.48803329864724243,0.48803329864724243,0.5190615835777126,0.5733610822060353,0.6807563959955507,1,0.7699859747545583,0.6947890818858561,0.6693548387096775,0.6473118279569894,0.6499051233396584,0.5087557603686637,0.6793743890518084,0.5087557603686637,0.4983314794215796,0.48803329864724243,0.4554079696394687,0.4913151364764268,0.5767741935483871,0.41218637992831536,0.6221198156682026,0.4180645161290324,0.5332068311195447,0.47792869269949073,0.47096774193548385,0,1.0,0.48803329864724243,0.5465437788018435,0.5591397849462366,0.46270161290322576,0.48803329864724243,0.4804147465437787,0.5150537634408603,0.31590656284760854,0.4268817204301076,0.36151279199110126,0.485663082437276,0.4071190211345941,0.31981566820276497,0.36151279199110126,0.428688524590164,0.23851417399804498,0.234295415959253,0.3576036866359448,0.2691001697792869,0.10531309297912718,0.23851417399804498,0.20000000000000004,0.28784119106699746,0.1778552746294682,0.16236559139784953,0.14976958525345618,0.07820136852394914,0.09507640067911712,0.06641366223908919,0.07061900610287708,0.11827956989247315,0.13205645161290322,0.10405827263267428,0.04939516129032255,0.14976958525345618,0.047741935483871026,0.06139438085327783
69739,0.2321070234113712,0.20139130434782604,0.1357048748353096,0.16724849254205013,0.011107584893684514,0.18509316770186335,0.2550292018170019,0.2524544179523141,0.3418060200668896,0.32625813077713106,0.3824032865457034,0.31336553945249584,0.3233894001904157,0.5774557165861512,0.48701908038786357,0.5347517730496454,0.2869565217391304,0.5174893756129454,0.5711016672115068,0.6189844009293063,0.6247139588100685,0.6830917874396133,0.7699859747545583,1,0.6899810964083175,0.7214673913043477,0.627514600908501,0.725752508361204,0.6683518705763396,0.6189844009293063,0.7236265588136164,0.4718196457326891,0.5711016672115068,0.5063545150501672,0.4316320100819155,0.5383171723490773,0.6100543478260869,0.5845997973657546,0.4357209884266499,0.8354515050167223,0.6038647342995168,0.5347517730496454,0,1.0,0.6247139588100685,0.7789012470508931,0.7871512005191433,0.6218708827404479,0.5711016672115068,0.42327365728900246,0.4678780012978585,0.31336553945249584,0.5743024010382868,0.4718196457326891,0.44293478260869557,0.31336553945249584,0.2814290529154027,0.2605475040257648,0.41553813257305766,0.2379688018586126,0.20772946859903374,0.3919784293899561,0.20772946859903374,0.2321070234113712,0.3468304015930965,0.36231884057971003,0.12161310649023309,0.21396781923998623,0.20181700194678776,0.10869565217391298,0.12910720212412877,0.1511387163561076,0.06755852842809362,0.10167750770284145,0.09539260220635945,0.1357048748353096,0.08859104282445239,0.1357048748353096,0.21355498721227617,-0.14434782608695668,0.034978751225890795
69740,0.2236686390532544,0.14215384615384613,0.13986013986013984,0.21729365524985964,-0.0655270655270656,0.10869565217391303,0.1056257175660161,0.18610421836228286,0.2236686390532544,0.20533010296789822,0.3046638400969109,0.20569800569800567,0.21729365524985964,0.39259259259259255,0.3344927536231885,0.28695652173913044,0.20772946859903385,0.28860613071139385,0.3834586466165413,0.5184967704051672,0.3834586466165413,0.6262108262108261,0.6947890818858561,0.6899810964083175,1,0.6550480769230769,0.5763490241102182,0.6118343195266271,0.5110316040548598,0.4221961244862008,0.5599284436493739,0.39259259259259255,0.4783111625216887,0.41775147928994083,0.3143812709030101,0.47710144927536247,0.45793269230769224,0.660455486542443,0.2869565217391305,0.5147928994082841,0.3992673992673993,0.4057971014492754,0,0.20772946859903385,0.43088490456911505,0.5599284436493739,0.529276693455798,0.4743589743589743,0.3360323886639675,0.35067873303167413,0.29391504018369696,0.15897435897435896,0.3409873708381171,0.20569800569800567,0.359375,0.20569800569800567,0.11985688729874776,0.15897435897435896,0.22446406052963433,0.277745155607751,0.2991452991452991,0.4132379248658319,0.2991452991452991,0.2236686390532544,0.2295948326482677,0.28205128205128205,0.17725752508361206,0.10599636583888553,0.15269804822043628,0.11877828054298642,0.1332941867293012,0.19902319902319898,0.07810650887573965,0.05632949727437918,0.1056257175660161,0.13986013986013984,0.14632735685367262,0.09207459207459208,0.16515837104072398,-0.2430769230769231,0.0989010989010989
